# Character set for the Squeezebox display

00
00000
00000
00000
00000
00000
00000
00000

01
00000
00000
00000
00000
00000
00000
00000

02
00000
00000
00000
00000
00000
00000
00000

03
00000
00000
00000
00000
00000
00000
00000

04
00000
00000
00000
00000
00000
00000
00000

05
00000
00000
00000
00000
00000
00000
00000

06
00000
00000
00000
00000
00000
00000
00000

07
00000
00000
00000
00000
00000
00000
00000

08
00000
00000
00000
00000
00000
00000
00000

09
00000
00000
00000
00000
00000
00000
00000

0a
00000
00000
00000
00000
00000
00000
00000

0b
00000
00000
00000
00000
00000
00000
00000

0c
00000
00000
00000
00000
00000
00000
00000

0d
00000
00000
00000
00000
00000
00000
00000

0e
00000
00000
00000
00000
00000
00000
00000

0f
00000
00000
00000
00000
00000
00000
00000

10
10000
10000
10000
10000
10000
10000
10000

11
11000
11000
11000
11000
11000
11000
11000

12
11100
11100
11100
11100
11100
11100
11100

13
11110
11110
11110
11110
11110
11110
11110

14
11111
11111
11111
11111
11111
11111
11111

15
01111
01111
01111
01111
01111
01111
01111

16
00111
00111
00111
00111
00111
00111
00111

17
00011
00011
00011
00011
00011
00011
00011

18
00001
00001
00001
00001
00001
00001
00001

19
00100
00110
00101
00101
01101
11100
01100

1a
11000
11000
00000
00111
01000
01000
00111

1b
11000
11000
00000
01111
01000
01110
01000

1c
00000
00000
11111
01110
00100
00000
00000

1d
00000
01000
01100
01110
01100
01000
00000

1e
00000
00010
00110
01110
00110
00010
00000

1f
00000
00000
00100
01110
11111
00000
00000

20
00000
00000
00000
00000
00000
00000
00000

21
00100
00100
00100
00100
00000
00000
00100

22
01010
01010
01010
00000
00000
00000
00000

23
01010
01010
11111
01010
11111
01010
01010

24
00100
01111
10100
01110
00101
11110
00100

25
11000
11001
00010
00100
01000
10011
00011

26
01100
10010
10100
01000
10101
10010
01101

27
01100
00100
01000
00000
00000
00000
00000

28
00010
00100
01000
01000
01000
00100
00010

29
10000
01000
00100
00100
00100
01000
10000

2a
00000
00100
10101
01110
10101
00100
00000

2b
00000
00100
00100
11111
00100
00100
00000

2c
00000
00000
00000
00000
01100
00100
01000

2d
00000
00000
00000
11111
00000
00000
00000

2e
00000
00000
00000
00000
00000
11000
11000

2f
00000
00001
00010
00100
01000
10000
00000

30
01110
10001
10011
10101
11001
10001
01110

31
00100
01100
00100
00100
00100
00100
01110

32
01110
10001
00001
00010
00100
01000
11111

33
11111
00010
00100
00010
00001
10001
01110

34
00010
00110
01010
10010
11111
00010
00010

35
11111
10000
11110
00001
00001
10001
01110

36
00110
01000
10000
11110
10001
10001
01110

37
11111
00001
00010
00100
01000
01000
01000

38
01110
10001
10001
01110
10001
10001
01110

39
01110
10001
10001
01111
00001
00010
01100

3a
00000
01100
01100
00000
01100
01100
00000

3b
00000
01100
01100
00000
01100
00100
01000

3c
00010
00100
01000
10000
01000
00100
00010

3d
00000
00000
11111
00000
11111
00000
00000

3e
10000
01000
00100
00010
00100
01000
10000

3f
01110
10001
00001
00010
00100
00000
00100

40
01110
10001
00001
01101
10101
10101
01110

41
01110
10001
10001
10001
11111
10001
10001

42
11110
10001
10001
11110
10001
10001
11110

43
01110
10001
10000
10000
10000
10001
01110

44
11100
10010
10001
10001
10001
10010
11100

45
11111
10000
10000
11110
10000
10000
11111

46
11111
10000
10000
11110
10000
10000
10000

47
01110
10001
10000
10111
10001
10001
01111

48
10001
10001
10001
11111
10001
10001
10001

49
01110
00100
00100
00100
00100
00100
01110

4a
00111
00010
00010
00010
00010
10010
01100

4b
10001
10010
10100
11000
10100
10010
10001

4c
10000
10000
10000
10000
10000
10000
11111

4d
10001
11011
10101
10101
10001
10001
10001

4e
10001
10001
11001
10101
10011
10001
10001

4f
01110
10001
10001
10001
10001
10001
01110

50
11110
10001
10001
11110
10000
10000
10000

51
01110
10001
10001
10001
10101
10010
01101

52
11110
10001
10001
11110
10100
10010
10001

53
01111
10000
10000
01110
00001
00001
11110

54
11111
00100
00100
00100
00100
00100
00100

55
10001
10001
10001
10001
10001
10001
01110

56
10001
10001
10001
10001
10001
01010
00100

57
10001
10001
10001
10101
10101
10101
01010

58
10001
10001
01010
00100
01010
10001
10001

59
10001
10001
10001
01010
00100
00100
00100

5a
11111
00001
00010
00100
01000
10000
11111

5b
01110
01000
01000
01000
01000
01000
01110

5c
10001
01010
11111
00100
11111
00100
00100

5d
01110
00010
00010
00010
00010
00010
01110

5e
00100
01010
10001
00000
00000
00000
00000

5f
00000
00000
00000
00000
00000
00000
11111

60
01000
00100
00010
00000
00000
00000
00000

61
00000
00000
01110
00001
01111
10001
01111

62
10000
10000
10000
10110
11001
10001
11110

63
00000
00000
01110
10000
10000
10001
01110

64
00001
00001
00001
01101
10011
10001
01111

65
00000
00000
01110
10001
11111
10000
01110

66
00110
01001
01000
11100
01000
01000
01000

67
00000
01111
10001
10001
01111
00001
01110

68
10000
10000
10110
11001
10001
10001
10001

69
00000
00100
00000
01100
00100
00100
01110

6a
00010
00000
00110
00010
00010
10010
01100

6b
01000
01000
01001
01010
01100
01010
01001

6c
01100
00100
00100
00100
00100
00100
01110

6d
00000
00000
11010
10101
10101
10001
10001

6e
00000
00000
10110
11001
10001
10001
10001

6f
00000
00000
01110
10001
10001
10001
01110

70
00000
00000
11110
10001
11110
10000
10000

71
00000
00000
01101
10011
01111
00001
00001

72
00000
00000
10110
11001
10000
10000
10000

73
00000
00000
01110
10000
01110
00001
11110

74
01000
01000
11100
01000
01000
01001
00110

75
00000
00000
10001
10001
10001
10011
01101

76
00000
00000
10001
10001
10001
01010
00100

77
00000
00000
10001
10001
10001
10101
01010

78
00000
00000
10001
01010
00100
01010
10001

79
00000
00000
10001
10001
01111
00001
01110

7a
00000
00000
11111
00010
00100
01000
11111

7b
00010
00100
00100
10000
00100
00100
00010

7c
00100
00100
00100
00100
00100
00100
00100

7d
01000
00100
00100
00010
00100
00100
01000

7e
00000
00100
00010
11111
00010
00100
00000

7f
00000
00100
01000
11111
01000
00100
00000

80
01010
00000
00100
01010
10001
11111
10001

81
00100
00000
00100
01010
10001
11111
10001

82
00100
01010
00100
01010
10001
11111
10001

83
00010
00100
01110
00001
01111
10001
01111

84
00100
00000
01110
00001
01111
10001
01111

85
11111
11000
11000
11111
11000
11000
11111

86
10001
01110
10001
10001
10001
10001
01110

87
00000
01010
00000
01110
10001
10001
01110

88
00001
01110
10011
10101
11001
01110
10000

89
00000
00010
01110
10101
10101
01110
01000

8a
10001
00000
10001
10001
10001
10001
01110

8b
00000
01010
00000
10001
10001
10011
01101

8c
00000
10000
01000
00100
00010
00001
00000

8d
00001
00010
11111
00100
11111
01000
10000

8e
00000
01000
10101
10101
00010
00000
00000

8f
01111
10000
01110
10001
01110
00001
11110

90
01110
10100
10100
11111
10100
10100
10111

91
00000
00000
11010
00101
11111
10100
01011

92
00110
01001
01000
11110
01000
01000
11111

93
11100
10010
11100
10010
10111
10010
10011

94
00000
01110
11111
11111
11111
01110
00000

95
00000
01110
10001
10001
10001
01110
00000

96
00000
00100
01110
11111
01110
00100
00000

97
00000
00100
01010
10001
01010
00100
00000

98
00100
00100
00100
00000
00100
00100
00100

99
01111
10000
10000
10000
01111
00100
01000

9a
00000
00001
00011
00101
01001
10001
11111

9b
00010
00100
01000
00100
00010
00000
11111

9c
01000
00100
00010
00100
01000
00000
11111

9d
00001
00001
00101
01001
11111
01000
00100

9e
00100
01110
10101
00100
00100
00100
00100

9f
00100
00100
00100
00100
10101
01110
00100

a0
00000
00000
00000
00000
00000
00000
00000

a1
00000
00000
00000
00000
11100
10100
11100

a2
00111
00100
00100
00100
00000
00000
00000

a3
00000
00000
00000
00100
00100
00100
11100

a4
00000
00000
00000
00000
10000
01000
00100

a5
00000
00000
00000
01100
01100
00000
00000

a6
00000
11111
00001
11111
00001
00010
00100

a7
00000
00000
11111
00001
00110
00100
01000

a8
00000
00000
00010
00100
01100
10100
00100

a9
00000
00000
00100
11111
10001
00001
00110

aa
00000
00000
00000
11111
00100
00100
11111

ab
00000
00000
00010
11111
00110
01010
10010

ac
00000
00000
01000
11111
01001
01010
01000

ad
00000
00000
00000
01110
00010
00010
11111

ae
00000
00000
11110
00010
11110
00010
11110

af
00000
00000
00000
10101
101010
00001
00110

b0
00000
00000
00000
11111
00000
00000
00000

b1
11111
00001
00101
00110
00100
00100
01000

b2
00001
00010
00100
01100
10100
00100
00100

b3
00100
11111
10001
10001
00001
00010
00100

b4
00000
11111
00100
00100
00100
00100
11111

b5
00010
11111
00010
00110
01010
10010
00010

b6
01000
11111
01001
01001
01001
01001
10010

b7
00100
11111
00100
11111
00100
00100
00100

b8
00000
01111
01001
10001
00001
00010
01100

b9
01000
01111
10010
00010
00010
00010
00100

ba
00000
11111
00001
00001
00001
00001
11111

bb
01010
11111
01010
01010
00010
00100
01000

bc
00000
11000
00001
11001
00001
00010
11100

bd
00000
11111
00001
00010
00100
01010
10001

be
01000
11111
01001
01010
01000
01000
00111

bf
00000
10001
10001
01001
00001
00010
01100

c0
00000
01111
01001
10101
00011
00010
11000

c1
00010
11100
00100
11111
00100
00100
01000

c2
00000
10101
10101
10101
00001
00010
00100

c3
01110
00000
11111
00100
00100
00100
01000

c4
01000
01000
01000
01100
01010
01000
01000

c5
00100
00100
11111
00100
00100
01000
10000

c6
00000
01110
00000
00000
00000
00000
11111

c7
00000
11111
00001
01010
00100
01010
10000

c8
00100
11111
00010
00100
01110
10101
00100

c9
00010
00010
00010
00010
00010
00100
01000

ca
00000
00100
00010
10001
10001
10001
10001

cb
10000
10000
11111
10000
10000
10000
01111

cc
00000
11111
00001
00001
00001
00010
01100

cd
00000
01000
10100
00010
00001
00001
00000

ce
00100
11111
00100
00100
10101
10101
00100

cf
00000
11111
00001
00001
01010
00100
00010

d0
00000
01110
00000
01110
00000
01110
00000

d1
00000
00100
01000
10000
10001
11111
00001

d2
00000
00001
00001
01010
00100
01010
10000

d3
00000
11111
01000
11111
01000
01000
00111

d4
01000
01000
11111
01001
01010
01000
01000

d5
00000
01110
00010
00010
00010
00010
11111

d6
00000
11111
00001
11111
00001
00001
11111

d7
01110
00000
11111
00001
00001
00010
00100

d8
10010
10010
10010
10010
00010
00100
01000

d9
00000
00100
10100
10100
10101
10101
10110

da
00000
10000
10000
10001
10010
10100
11000

db
00000
11111
10001
10001
10001
10001
11111

dc
00000
11111
10001
10001
00001
00010
00100

dd
00000
11000
00000
00001
00001
00010
11100

de
00100
10010
01000
00000
00000
00000
00000

df
11100
10100
11100
00000
00000
00000
00000

e0
00000
00000
01001
10101
10010
10010
01101

e1
01010
00000
01110
00001
01111
10001
01111

e2
00000
01110
10001
11110
10001
11110
10000

e3
00000
00000
01110
10000
01100
10001
01110

e4
00000
10001
10001
10011
11101
10000
10000

e5
00000
00000
01111
10100
10010
10001
01110

e6
00000
00110
01001
10001
11110
10000
10000

e7
00000
00000
01111
10001
01111
00001
01110

e8
00000
00000
00111
00100
00100
10100
01000

e9
00010
11010
00010
00000
00000
00000
00000

ea
00000
00010
00000
00010
00010
10010
01100

eb
10100
01000
10100
00000
00000
00000
00000

ec
00000
00100
01110
10100
10101
01110
00100

ed
01000
01000
11100
01000
11100
01000
01111

ee
01110
00000
10110
11001
10001
10001
10001

ef
00000
01010
00000
01110
10001
10001
01110

f0
00000
10110
11001
10001
11110
10000
10000

f1
00000
01101
10011
10001
01111
00001
00001

f2
00000
01110
10001
11111
10001
10001
01110

f3
00000
00000
00000
01011
10101
11010
00000

f4
00000
00000
01110
10001
10001
01010
11011

f5
01010
00000
10001
10001
10001
10011
01101

f6
11111
10000
01000
00100
01000
10000
11111

f7
00000
00000
11111
01010
01010
01010
10011

f8
11111
00000
10001
01010
00100
01010
10001

f9
00000
00000
10001
10001
01111
00001
01110

fa
00000
00001
11110
00100
11111
00100
00100

fb
00000
00000
11111
01000
01111
01001
10001

fc
00000
00000
11111
10101
11111
10001
10001

fd
00000
00100
00000
11111
00000
00100
00000

fe
00000
00000
00000
00000
00000
00000
00000

ff
11111
11111
11111
11111
11111
11111
11111
