 6.26074064   -5.3304621 Star 3        HF1   216.0    -98.00  6 55950.96500  0.000000E+00  0.00000E+00          PRH/D0000001.fit
 6.26072887   -5.3294560 Star 3        HF1   592.0    -98.00  6 55950.96613  0.000000E+00  0.00000E+00          PRH/D0000002.fit
 6.26050623   -5.3309409 Star 3        HF1   588.0    -98.00  6 55950.97437  0.000000E+00  0.00000E+00          PRH/D0000003.fit
 6.26039700   -5.3335814 Star 3        HF1   588.0    -98.00  6 55950.98257  0.000000E+00  0.00000E+00          PRH/D0000004.fit
 6.26049867   -5.3317098 Star 3        HF1   588.0    -98.00  6 55950.99076  0.000000E+00  0.00000E+00          PRH/D0000005.fit
 6.26045064   -5.3328713 Star 3        HF1   588.0    -98.00  6 55950.99896  0.000000E+00  0.00000E+00          PRH/D0000006.fit
 6.26070454   -5.3314624 Star 3        HF1   588.0    -98.00  6 55951.00715  0.000000E+00  0.00000E+00          PRH/D0000007.fit
 6.26053528   -5.3299337 Star 3        HF1   588.0    -98.00  6 55951.01535  0.000000E+00  0.00000E+00          PRH/D0000008.fit
 6.26037556   -5.3299953 Star 3        HF1   588.0    -98.00  6 55951.02354  0.000000E+00  0.00000E+00          PRH/D0000009.fit
 6.26061002   -5.3318167 Star 3        HF1   588.0    -98.00  6 55951.03174  0.000000E+00  0.00000E+00          PRH/D0000010.fit
 6.26068787   -5.3313817 Star 3        HF1   410.0    -60.00  6 55951.03993  0.000000E+00  0.00000E+00          PRH/D0000011.fit
 6.26044652   -5.3282303 Star 3        HF1     0.0    -60.00  6 55951.04563  0.000000E+00  0.00000E+00          PRH/D0000012.fit
 6.26059216   -5.3298723 Star 3        HF1     0.0    -60.00  6 55951.04658  0.000000E+00  0.00000E+00          PRH/D0000013.fit
 6.26053952   -5.3317777 Star 3        HF1     0.0    -98.00  6 55951.04753  0.000000E+00  0.00000E+00          PRH/D0000014.fit
 6.26040691   -5.3294141 Star 3        HF1     0.0     60.00  6 55951.04892  0.000000E+00  0.00000E+00          PRH/PRH00015.fit
 6.26059487   -5.3296164 Star 3        HF1     0.0     60.00  6 55951.04987  0.000000E+00  0.00000E+00          PRH/PRH00016.fit
 6.26070336   -5.3299543 Star 3        HF1     0.0     60.00  6 55951.05082  0.000000E+00  0.00000E+00          PRH/PRH00017.fit
 6.26042563   -5.3302094 Star 3        HF1   319.0    -98.00  6 55951.05177  0.000000E+00  0.00000E+00          PRH/D0000018.fit
 6.26073361   -5.3280603 Star 3        HF1   634.0    -98.00  6 55951.05685  0.000000E+00  0.00000E+00          PRH/D0000019.fit
 6.26046509   -5.3305507 Star 3        HF1   634.0    -98.00  6 55951.06558  0.000000E+00  0.00000E+00          PRH/D0000020.fit
 6.26061472   -5.3305333 Star 3        HF1   634.0    -98.00  6 55951.07431  0.000000E+00  0.00000E+00          PRH/D0000021.fit
 6.26073327   -5.3286004 Star 3        HF1   634.0    -98.00  6 55951.08304  0.000000E+00  0.00000E+00          PRH/D0000022.fit
 6.26061430   -5.3295619 Star 3        HF1   634.0    -98.00  6 55951.09177  0.000000E+00  0.00000E+00          PRH/D0000023.fit
 6.26051927   -5.3284521 Star 3        HF1   634.0    -98.00  6 55951.10049  0.000000E+00  0.00000E+00          PRH/D0000024.fit
 6.26042456   -5.3298637 Star 3        HF1   634.0    -98.00  6 55951.10922  0.000000E+00  0.00000E+00          PRH/D0000025.fit
 6.26065585   -5.3317260 Star 3        HF1   634.0    -98.00  6 55951.11795  0.000000E+00  0.00000E+00          PRH/D0000026.fit
 6.26041265   -5.3301979 Star 3        HF1   634.0    -98.00  6 55951.12668  0.000000E+00  0.00000E+00          PRH/D0000027.fit
 6.26067482   -5.3283495 Star 3        HF1   634.0    -98.00  6 55951.13541  0.000000E+00  0.00000E+00          PRH/D0000028.fit
 6.26064153   -5.3308466 Star 3        HF1   634.0    -98.00  6 55951.14413  0.000000E+00  0.00000E+00          PRH/D0000029.fit
 6.26050898   -5.3312694 Star 3        HF1   634.0    -98.00  6 55951.15286  0.000000E+00  0.00000E+00          PRH/D0000030.fit
 6.26057523   -5.3280671 Star 3        HF1   634.0    -98.00  6 55951.16159  0.000000E+00  0.00000E+00          PRH/D0000031.fit
 6.26073797   -5.3294649 Star 3        HF1   634.0    -98.00  6 55951.17032  0.000000E+00  0.00000E+00          PRH/D0000032.fit
END OF TARGET LIST
